6 10 64
7 3 20 21 128
8 6 40 42 256
9 12 13 80 84 85
10 24 26 160 168 170
11 48 52 53 320 336 340 341
12 17 96 104 106 113
13 34 35 192 208 212 213 226 227
14 11 68 69 70 75 384
15 22 23 136 138 140 141 150 151
16 7 44 45 46 272 276 277 280 282 300 301 302
17 14 15 88 90 92 93
18 28 29 30 176 180 181 184 186 201
19 9 56 58 60 61 352 360 362 368 369 372 373
20 18 19 112 116 117 120 122
21 36 37 38 224 232 234 240 241 244 245 267
22 72 74 76 77 81
23 25 144 148 149 152 154 162 163
24 49 50 51 288 296 298 304 308 309 321 324 325 326 331
25 98 99 100 101 102
26 33 196 197 198 200 202 204 205 217
27 65 66 67 392 394 396 397
28 130 131 132 133 134
29 43 260 261 262 264 266 268 269 273 289
30 86 87 89
31 172 173 174 177 178 179
32 57 59 344 346 348 349 354 355 356 357 358 385
33 114 115 118 119
34 39 228 229 230 236 237 238
35 78 79
36 153 156 157 158
37 305 306 307 312 314 315 316 317
38 105
39 203 209 210 211
41 135 139
42 270 271 278 279 281 287 303
44 185 187 191
45 361 363 367 370 371 374 375 382 383
46 123 127
47 246 247 249 254 255
49 169
50 329 338 339 359
52 219 225 239
54 159
55 295 318 319
58 379 393
60 283
63 377
65 251
67 167
68 334 335
69 111
70 222 223
73 297
76 395
78 263
80 175
81 350 351
83 233
85 155
86 310 311
87 103
88 206 207
90 137
91 274 275
92 91
93 182 183
94 364 365 366
95 121
96 242 243
98 161
99 322 323
100 107
101 214 215
102 71
103 142 143
104 47 284 285 286
105 94 95
106 31 188 189 190
107 62 63 376 378 380 381
108 124 125 126
109 41 248 250 252 253
110 82 83
111 27 164 165 166
112 54 55 328 330 332 333 337
113 108 109 110
114 216 218 220 221
115 73
116 145 146 147
117 290 291 292 293 294 299
118 97
119 193 194 195 199
120 386 387 388 389 390 391 398 399
121 129
122 257 258 259 265
124 171
125 342 343 345 347 353
127 231 235
130 313
143 327